254
255
257
262
267
273
278
283
288
292
294
296
296
297
299
302
304
306
309
313
317
322
327
329
329
331
334
337
338
337
336
336
338
340
339
339
342
347
353
358
365
371
376
379
383
387
391
393
395
395
393
390
389
389
386
383
382
385
387
388
388
387
387
387
388
390
392
397
404
408
409
408
409
412
414
414
413
413
413
414
413
411
409
407
406
404
399
396
398
404
411
412
409
403
398
397
399
399
395
392
393
400
409
418
428
437
444
446
443
435
428
427
431
434
439
446
453
457
458
458
457
455
453
449
430
399
378
383
405
420
424
422
421
421
420
419
414
408
402
397
393
391
390
389
384
378
371
368
367
366
364
362
361
363
365
367
367
365
362
359
357
356
354
350
346
344
343
343
342
340
339
338
336
331
322
313
307
304
302
301
301
304
314
324
337
354
369
385
397
408
413
412
414
420
428
435
441
448
454
467
486
501
506
507
509
518
527
532
532
527
527
521
521
528
534
532
528
543
571
589
597
604
617
627
630
634
641
645
646
643
641
634
625
625
627
633
624
617
616
635
653
654
639
634
649
667
675
673
673
679
692
698
697
690
688
693
692
685
674
680
681
683
663
646
634
633
639
633
633
626
628
630
646
661
671
658
638
607
589
581
591
605
610
605
599
602
609
612
600
578
556
541
538
535
539
545
551
552
550
554
554
553
543
530
498
453
420
426
460
490
504
503
498
486
477
467
460
454
450
448
443
443
438
430
416
406
399
398
397
397
396
397
398
400
399
398
391
383
378
376
376
374
372
370
368
366
365
364
361
356
350
344
340
336
329
321
316
318
317
318
56596
54886
53504
52794
52561
52302
52439
53400
54067
54407
53898
53281
54681
54821
54794
56114
56410
56400
57105
57745
58536
59123
58885
59157
59391
60269
59948
59022
56878
56340
55554
56030
55958
56041
55910
55342
55002
53920
52241
51460
52284
53454
53332
51922
50826
49874
48889
48166
47728
47866
47324
46402
46095
46358
45897
46503
47277
47503
47924
47700
47515
48816
48991
49037
49802
48735
45780
44858
43955
42410
41071
40308
41063
42987
42378
41376
39741
39533
39872
40789
41904
41122
39826
39165
38598
38011
36725
35936
36166
36828
35220
33424
33165
33401
33838
33994
33408
33206
34133
37267
39018
38559
38013
38149
39636
41926
45041
50347
51584
50214
50106
50659
48262
47672
47158
46621
45981
44381
43530
43782
44816
44536
42570
41729
42255
43011
43366
44394
45044
45307
45203
44888
44197
43903
43354
43463
42998
42178
41969
41658
39937
38894
38514
37482
37450
37488
37195
38029
38444
38223
37319
36085
35697
35201
34605
34659
34205
34197
34344
33910
33462
32878
32521
31301
31474
30165
28533
27721
26889
26569
26069
25125
25698
25599
23449
22579
24312
25922
25713
27131
31769
39494
42733
42995
43352
45100
46974
52708
57131
58811
58467
56899
52973
46408
41755
38107
34473
30956
28507
27526
27173
27349
28513
28224
27650
28010
27759
26692
27249
27367
26044
25805
26688
29215
30172
29964
30264
30070
29236
29182
29268
29643
30763
29064
27822
26227
24384
22793
21925
21371
21105
21025
22047
23188
22802
22936
22813
23506
23467
23606
23833
24151
22841
21873
22148
23316
23523
24012
25699
25817
25451
25874
27076
27714
27336
26597
25471
24290
24163
23218
23330
24731
26106
27636
28512
30023
31524
34186
35681
34871
33230
32121
31430
31172
30952
29870
29724
29726
30009
29151
28174
27938
28351
29635
30982
33335
34767
33891
34970
36695
37247
37764
36630
37031
35829
35568
35314
34112
32959
31879
30332
27900
26504
26167
27712
28408
27320
26530
25278
25038
23566
21942
21474
20944
19474
17460
16001
15043
14696
14410
14152
14354
14474
14459
14837
14743
14246
14348
14949
15439
15279
15323
16045
16547
16417
16398
16991
18009
18975
20203
22967
25019
25492
26982
28587
29865
31857
33346
35010
35728
35666
34965
34353
34377
33638
31762
30197
28279
25174
23395
23029
20482
18531
16922
16343
16050
15312
15010
15036
15001
14810
14689
14853
14891
14833
14478
14933
15862
16402
16434
16715
17052
17254
17827
19142
19786
20016
20335
21241
22207
22456
21983
21788
21904
21591
20968
20975
21211
21533
20437
19904
21436
22343
22792
23789
24373
24707
24206
24069
23333
22517
21455
21574
23349
25325
27524
27903
27668
26875
26844
25309
23408
21843
20540
19991
18693
16765
15664
14946
14310
13835
13690
14485
14796
15296
15894
17752
19415
20295
19550
20954
22873
25198
26581
26573
27247
26992
26122
26274
25721
24839
25094
26397
27291
27007
25477
24899
25436
25320
25259
25421
23990
21234
19743
19363
18953
18524
17749
17615
17663
17522
16800
16088
15785
15813
15162
15161
15572
16082
16101
16507
17721
19814
18941
17983
17617
17657
17682
17931
18142
18755
18745
18382
19740
21085
20880
21223
20191
20340
19574
19072
17564
16754
15601
15268
14866
14958
13728
13617
13700
13883
13483
13632
13722
13344
12595
12791
12880
12770
12168
12598
12622
12787
12318
12797
12806
12511
12324
12544
12842
13234
13020
13543
13809
14888
14558
14923
15145
15843
15944
16845
16939
17817
17996
19496
21044
23368
24167
25115
26288
26197
25742
25627
25106
24043
22684
22942
22277
21504
19399
17917
17127
16870
15971
15350
15007
15253
14287
14521
14779
14868
14094
14161
14678
14596
14167
14267
14437
14520
14339
14685
14810
15212
14469
14819
15223
15676
15601
16059
16739
17832
18841
19015
18594
18923
19003
19579
20457
21424
21706
22373
23231
23661
22749
22427
22468
22428
21206
21507
21847
22000
21186
20669
21603
22936
23338
24532
23853
24478
24738
27313
28840
30159
29887
30082
30721
31089
32040
32844
32833
32575
32674
33728
34196
34991
34467
33354
33986
34272
33975
34758
34973
34698
34049
33481
33714
32038
30052
28668
27748
28297
28105
27421
27172
26730
26589
28329
29489
30183
30317
32786
34803
36121
36853
36951
36167
36372
37187
37525
37413
37491
36782
37389
37823
36626
34210
33706
34927
35287
35975
36466
35630
35783
35368
36051
36941
38060
37561
36891
37047
36897
36218
35607
35279
35714
36621
36990
36193
35620
35224
35560
35963
36715
37042
37060
36658
36190
36016
36279
36893
36967
36281
35512
34935
34323
33483
32207
30962
29052
26464
26135
26213
25855
25562
26313
27358
28698
30187
31802
32944
33803
33875
33779
33975
34030
32916
30981
30359
31019
30971
31521
31777
32274
31741
32522
32931
32840
33068
32833
34032
34722
34996
35652
35178
34219
33994
33749
33619
32893
31547
30848
31270
31606
32384
33648
34888
35519
36512
36663
37132
37348
36812
37421
37726
38290
39112
38715
37648
37551
37622
37122
36759
36742
36839
36835
36935
36807
36694
36640
36767
37038
37246
36802
36953
36933
36686
36224
36629
36923
36761
36615
36787
37399
37448
37120
37437
37551
37674
38066
38075
37762
37332
36668
36905
37069
36849
36713
37143
36824
36307
36168
36648
37074
37082
37126
37632
37685
36978
36295
36155
36372
36530
36965
37474
37357
37338
37851
38021
37996
38106
37656
37840
38330
37523
37417
37932
38624
39751
41546
41031
40248
40113
39511
39428
40736
41349
41369
41372
41191
41150
41427
41055
41554
41470
40864
40742
41175
40933
40473
39943
39472
39036
38489
38549
38881
38864
38294
38223
38462
39010
40024
40800
40232
39419
38306
38091
38665
38882
39065
39645
39903
39850
39723
39962
40531
40725
40906
40949
40302
39422
39242
39218
39239
39074
38246
38094
38075
38551
38733
38866
37709
36829
36978
37181
37427
37005
36166
36163
36299
36442
36129
35905
35094
34359
33697
33392
34068
34617
34688
34763
35264
35478
35592
35972
36529
36765
36989
37836
38437
38366
38412
39590
40727
41409
42390
42809
43004
43324
43980
44680
45087
44824
44122
43632
43462
43767
44003
44763
45654
45711
45608
45683
45800
45536
44920
45000
45318
45331
45646
46053
46811
47273
47764
48774
50718
53138
55111
55911
56875
57607
57611
58035
59409
61044
62296
62342
61610
61316
60903
60566
60262
59656
58483
57340
56662
55688
54935
55275
55600
55166
53401
52426
51934
52045
52054
51718
50927
49040
48485
49182
49604
50007
50260
51217
52645
53984
54752
55786
56497
57154
57930
59521
61155
65533
253
253
254
256
261
267
275
281
285
286
287
290
293
297
297
298
300
304
308
310
315
321
326
326
325
325
328
331
333
333
331
334
336
336
332
331
337
348
355
363
373
383
388
390
395
402
406
410
410
410
405
403
403
401
393
384
382
384
387
384
382
379
378
378
374
374
376
385
396
400
399
397
399
404
408
413
413
414
414
415
418
417
418
418
419
417
409
404
406
413
418
414
408
401
396
397
401
408
408
412
418
437
464
495
524
550
574
595
604
600
600
614
636
657
678
706
730
747
750
751
748
742
736
724
685
616
571
585
636
671
676
668
661
661
664
664
655
645
626
613
601
598
596
594
588
574
561
551
547
542
536
528
530
533
540
542
545
542
529
517
510
515
512
502
491
488
489
487
482
483
482
481
475
463
444
423
408
402
396
394
44808
44756
43908
42915
42682
42661
42949
43616
43895
43975
43738
43317
44425
44409
44511
45051
45118
45236
47075
48775
50350
51615
52553
52381
51870
52040
52678
52899
51057
49689
48464
46865
45150
44046
43647
42746
42081
40980
39273
38587
38812
39551
40223
39259
38166
37568
37304
36813
36126
36196
36906
36634
36332
37553
38479
39400
39581
40425
41350
41252
40386
40203
40251
40672
41225
40363
38658
38014
37619
36727
36106
35152
34804
36065
36556
36143
34061
33148
33137
33534
34194
33249
31863
30847
29972
29461
28952
28461
28551
29100
28240
26763
26066
26461
27429
27605
26487
25620
26637
29156
30470
30158
29568
28959
28770
29836
31932
34466
35679
35254
34718
35063
34525
34379
34384
34805
34210
33023
32284
31949
31787
32177
32058
32198
33125
34315
35774
37903
39673
41335
43002
43871
44456
45066
45506
47031
48856
51374
56304
60390
60113
60373
59782
57186
57256
59671
62000
64445
65533
65293
64130
62106
60882
59940
58804
57919
56656
57044
57918
57109
55461
55309
55757
55294
55280
53850
51473
48450
45258
43598
42322
39982
38637
36407
31526
26799
24025
22606
21474
20892
21782
24951
26953
26605
26219
27158
28936
32666
35742
37144
37324
37040
35658
34004
32227
29755
28001
27178
26474
26355
26987
29888
33683
35054
34377
35027
35880
35534
36200
37271
37433
37690
38623
40775
42435
42722
42940
43209
44591
45573
44800
44939
46881
47203
44467
40464
37328
35469
33445
32551
32505
32541
34219
36070
37002
38087
38405
39603
41514
42485
42301
41388
39878
38486
38810
41107
42011
42696
44486
45072
44952
44935
45344
45897
45946
44706
41791
40246
39355
37621
36457
37985
41210
43133
44595
46452
48435
51796
54740
53117
50379
48295
47160
46950
46848
45125
44314
44621
44694
43270
41663
40502
40391
41375
43327
45937
47258
46170
46045
46942
47378
46601
45181
44841
46279
48429
48016
46579
45189
42930
39571
36387
34477
34481
36751
38436
38532
37627
35828
35312
33760
31175
29872
28828
26670
23812
21538
20293
20010
19952
19839
20002
20632
20893
20684
20400
20356
20266
20413
20653
20913
21394
21585
21820
22200
22216
22771
23741
25907
28050
30976
32905
34211
36769
38810
41286
44404
47024
49284
50059
50465
48731
45929
43873
41706
39071
37370
35595
32155
29587
27936
25619
24055
22461
21638
21604
21461
21477
21617
21817
22537
23152
23474
23632
24324
24097
24700
26595
28187
28548
28770
29052
29491
30550
32189
33161
33850
34467
35364
37351
38141
37243
36256
36102
35393
33425
32769
32217
32447
29649
28234
29765
30929
32320
33721
34736
35514
34596
33809
32709
31477
29925
29782
31879
34915
37006
37573
36998
36166
35990
33251
32155
30698
29067
28604
26734
25134
23530
21916
20958
20408
20389
21376
21880
23028
24945
27509
29912
32042
31710
35012
38072
43771
47106
47079
46922
45964
44391
43867
42193
41023
41727
43432
43941
44151
42742
41936
42063
41695
42605
41136
37803
34582
32633
32725
32548
32318
31804
32359
32182
31816
30115
28693
27422
27255
25783
25210
26083
28241
28779
28859
31287
34765
33057
30032
28996
29764
29465
29231
28899
29224
28657
28667
31466
33920
33692
33321
32120
33018
32135
30187
27274
25610
24024
23226
22960
23203
21953
21545
21295
21851
21249
21143
20990
20067
18635
18050
17528
17204
16421
16186
16177
16151
15543
15792
15335
15419
14910
15280
15385
15542
15170
15593
15788
16535
16479
16546
16844
17086
17137
17417
17263
17802
17720
18813
19668
21350
21714
22636
23470
23506
23310
23389
22774
22241
21026
21794
22619
21588
19512
18631
17976
17739
17069
16773
16731
16822
16344
16433
16706
16680
16285
16371
16855
17099
16752
17238
17405
17890
17708
18409
18799
19825
19056
19304
19380
19839
20149
20872
21865
23628
25315
25474
24451
24550
25041
25868
26814
28266
29379
31281
32235
32313
30621
29950
29559
28888
27531
27281
26878
26398
25408
24729
25568
27208
27482
28223
26221
26543
26770
29073
29501
29333
27644
27464
27638
27906
28727
29966
30399
30359
31785
34194
36934
39639
39874
40329
43633
46582
47350
50677
52938
52927
52497
52885
53613
50244
46557
44652
43673
46073
46046
45260
45171
44285
44038
46239
47168
47774
48635
52661
56483
58822
60033
60851
59078
59323
61344
62870
63249
64033
63368
63601
63850
61288
56472
55457
57335
57507
58380
58657
55958
54868
52112
51814
55054
58178
56054
52922
51317
49602
48312
45929
42396
41125
42211
42582
39060
34480
31897
31238
30522
30231
29634
28917
28194
27299
27013
27080
27178
26583
25982
25874
25764
25359
24774
24214
23575
22237
20579
20751
20903
20707
20714
21995
23236
24254
25521
27767
31028
33109
33137
33590
33819
33844
31968
29501
29317
30157
30255
30916
30892
30332
29301
29804
29622
28965
28485
27581
27918
28264
28111
28800
28740
27760
26923
26822
26854
26096
24534
24401
24697
24587
24899
25828
26309
27079
27701
27312
27177
27028
26774
27298
27684
27518
28015
28548
28224
28223
28145
28085
27715
27147
26929
27021
26828
26334
26181
26336
26532
26392
26079
25798
25661
25623
25414
25556
25866
25610
25379
25452
25519
25582
25553
26234
26454
26496
26428
26651
26693
26277
25878
25640
25700
25469
25037
25192
25147
24833
24437
24752
24821
24522
24709
25820
25601
24304
23636
23634
23607
23341
23217
23386
23930
24119
24417
25298
25745
25824
25769
26090
26233
25838
25572
26233
26664
26080
25805
26085
25459
24537
24247
24291
24401
24817
24908
24868
24735
24551
24838
25524
25989
25385
24591
24729
25033
25270
25337
25324
24629
23880
23700
23831
24183
23983
23722
23873
24043
24351
24615
25619
26019
25139
24506
24539
24547
24348
24592
25183
25038
24628
24656
25447
26161
26093
25998
26420
26006
25337
25179
25617
25659
25478
25340
25170
24738
24394
25152
25935
26045
25140
25039
25922
26583
26376
25973
25800
25514
25257
24861
24581
24265
23183
22311
22210
22395
22436
22225
22704
22829
22983
23251
24032
24498
24585
24668
24945
25331
25174
24873
25300
26005
26512
26814
27411
26872
26264
26575
27573
28460
28130
27911
28015
27306
27246
27351
28106
29117
29659
29692
29225
28761
28457
28212
28281
28281
27936
27793
27888
27797
27946
28347
29155
29708
30234
31054
31819
31914
32007
32357
32764
33243
33670
34251
34606
34120
33778
33720
34109
34737
34505
34327
33809
33175
32487
31928
32165
32160
31117
30370
29630
29591
28995
29547
30424
30312
29301
27879
27746
28049
27561
27621
28289
28954
29469
30334
30922
31237
31126
31340
31997
32890
32949
32796
262
262
262
267
275
285
295
303
310
316
322
323
325
324
332
339
348
354
359
368
376
386
393
399
399
404
411
421
422
421
417
417
423
428
427
424
431
446
455
462
473
491
502
503
505
513
521
526
528
533
532
529
528
533
536
530
524
526
538
548
547
541
541
554
567
570
569
576
593
611
618
618
615
620
628
632
630
628
635
643
647
641
633
631
634
640
635
622
616
628
656
680
689
676
655
643
643
648
641
639
641
651
657
660
669
688
708
714
697
667
639
630
627
629
635
651
666
675
676
677
666
656
642
632
594
535
498
514
568
601
607
596
586
580
581
584
586
583
575
564
553
543
539
536
530
518
510
511
514
512
505
499
499
504
510
515
517
512
508
499
502
500
497
488
479
474
468
461
459
459
461
461
456
446
430
415
404
398
392
387
59131
57543
57354
56067
55285
54744
55108
55495
55271
54741
54730
53603
55349
55976
56183
56700
56363
56038
58043
59821
61115
62695
63647
62575
62582
63048
64727
65533
63029
61137
59458
57165
54759
52909
51796
49039
49086
47613
45320
45216
45276
46076
48502
46104
45632
44497
44550
43598
43027
43352
45128
44552
43933
45563
47501
48353
49091
49942
50358
49900
48657
48545
48071
47943
49844
49025
47414
47982
48044
47187
46761
44681
44133
46578
46624
46700
44084
43333
43435
43999
45174
42975
41616
39929
39123
38656
38762
38434
37407
38007
38077
36402
34908
35538
36999
36603
34955
33576
34483
37400
39045
38006
37461
35896
34424
35462
36643
36709
37527
37213
37243
38618
39741
39852
40386
41607
41654
39932
39005
38167
38016
38505
37825
37148
38202
38184
37688
36520
37379
38101
40251
39885
38807
39444
38987
38184
36414
33755
33629
33093
31523
31722
31870
30277
29533
29562
30909
30897
32782
33066
34224
32019
31347
30497
32488
33337
33539
34918
35864
33099
31569
32950
34546
33284
33741
32004
32413
31412
28660
27868
27883
26263
26105
26084
25145
23888
23491
24023
25273
24149
25860
30715
33271
31250
31493
32474
36134
42370
46252
46788
46637
45082
42695
38796
37287
35683
33397
32070
30344
29039
28578
27705
28208
28334
28658
29574
30087
28316
30082
30616
29866
28035
28357
28620
30145
29584
29623
28629
28043
27454
26897
27065
28316
24376
23073
24611
25734
24293
24135
23908
24522
23944
23318
23098
24082
22610
21987
22434
22162
20823
20664
20918
23044
21999
21167
21576
23372
23633
23693
23974
24555
24499
27033
27515
27127
27029
27679
26862
28670
28159
27320
27449
29686
30142
29740
32297
35174
38020
37016
37514
37363
35573
33430
32798
34086
34491
34298
32933
32989
31553
31309
30597
32260
33283
33438
35635
37839
35916
36290
37121
38098
38276
36161
36867
32912
30605
30791
29598
30805
30664
30820
28746
29077
27937
27711
27793
29764
29439
29961
31516
32105
29665
29391
30526
30636
28814
27460
27269
28409
28361
27499
27741
27851
28004
27537
27911
28623
27629
28602
28939
30290
30068
30150
30388
31059
30140
30063
31266
30378
31101
32273
36380
37624
39030
40738
41085
44061
44448
43500
43621
46797
45213
42744
40626
39525
38933
37318
36888
34216
31658
32967
28765
28727
26901
26310
26213
26749
26380
26040
26211
26594
25719
25390
26019
26102
24838
24937
24362
23911
24136
23956
23642
24915
24160
24249
25041
25683
24768
25000
24545
25269
25032
25088
25555
26210
26558
25606
26422
27703
28309
28987
31689
34244
34743
36723
36914
38413
37956
37504
36103
36325
35052
34085
35815
38489
43022
42788
41883
39919
39465
37773
36291
34502
33762
32765
30809
29050
27581
27499
26626
26394
25198
25801
26221
26587
25870
25395
25724
26603
25559
26201
26731
27341
27935
27397
28590
28336
28619
28587
28370
28253
27888
27468
29481
30707
28558
27225
27293
27614
26532
28042
27491
26854
26997
26327
25116
25227
25064
24087
24768
24644
24376
23787
23792
23843
23808
23983
23877
23981
23326
22776
22429
23169
22808
23810
23986
24317
24481
25187
26074
27514
27738
26464
26799
26651
26633
29135
27832
27487
26342
25516
25455
25212
25157
25326
24328
24863
24065
23586
23511
23690
23177
23672
23813
23784
24488
24119
24124
24671
24396
24688
24234
24801
24756
24689
24956
25069
24580
25084
24894
25236
25138
25023
25814
25359
25795
25909
26357
26943
27478
27322
26979
27074
27297
27978
29776
31561
31336
32026
33304
32213
32259
31917
31315
31721
30224
30321
30523
30044
28893
27104
26140
26470
26136
25975
25301
25778
25097
25595
25332
26042
25377
25296
24986
25779
25685
25458
25207
25178
26180
26326
25693
26376
25884
26225
26689
26589
26246
27361
27186
27463
28684
28128
27875
27786
27655
28607
29263
28887
30151
31034
31735
30808
29560
29361
29416
28639
27126
28645
27971
27623
27009
26960
27500
28639
28057
30183
28592
28691
29460
31752
32619
34242
33138
33488
34442
33950
35715
35962
35549
35157
35436
37089
37897
40499
40441
39721
41241
41264
39583
40469
39425
37319
36734
36069
36995
35436
34174
34036
34447
36578
36871
36271
35839
34096
33696
36710
36545
36950
36597
38980
38631
38602
39209
39741
38327
38147
39463
40684
40831
39655
37262
40211
38759
35486
34268
33661
34481
36200
39345
40272
38812
39056
37719
37965
38782
41816
41571
40366
40240
38485
38011
38176
36820
37226
38787
41360
39773
37526
36215
37019
36623
37517
36685
37117
36038
35371
35112
36736
36446
35304
34167
34647
34384
34177
34132
33731
33113
31445
28764
29756
29958
29714
28637
29839
30226
30719
31133
31690
30066
29752
30247
31173
31755
30453
28784
27993
27513
27928
28803
30286
29763
28671
29117
30197
29468
29963
29715
31614
31270
32554
32503
32852
32679
32367
31848
32806
33038
33016
31491
30866
31741
30355
30218
31209
31644
32030
32398
32380
31846
30955
30095
32274
31840
31816
31319
34267
33258
33931
33744
34245
34672
34325
34125
34581
34337
34160
33647
34103
34583
34916
33396
33430
32315
32152
32144
32523
33792
33062
32278
32473
32095
32291
31263
32984
34060
33890
33651
33842
33570
33608
32942
33096
33112
33380
32783
33542
33293
32652
30843
31956
32156
31391
29031
32131
32629
30426
28924
28922
29549
29418
28550
29148
29138
28805
30116
30923
31077
31187
30188
31932
32101
31024
29974
30584
31746
30506
29494
30628
29307
27767
27547
27898
28036
28600
27941
28525
27797
27779
27983
29247
29008
28882
27697
28135
28344
28916
27905
28788
28830
27771
27002
27671
28293
28756
27336
28650
28694
29191
29329
30857
30888
29788
29008
29851
30243
29781
28828
30565
30294
29279
28912
29439
30571
30643
30492
31029
30237
28588
28880
30531
30427
31001
30029
29608
29211
29259
29522
30826
31414
29568
30008
31230
32049
31858
30077
30344
30284
30569
29218
29413
28809
27390
26577
27199
27848
28774
27217
27658
27781
28168
27874
29616
29940
30156
30333
30844
31390
30899
29560
30855
31954
32072
31647
32194
31179
29987
29901
31475
32817
33313
31603
32225
31345
30904
30284
32180
33259
33968
32923
32674
32295
32007
31143
31590
32134
32457
31825
32370
32695
32480
31944
32549
33627
33461
34409
34110
33160
33668
33379
33887
34612
35348
34661
34597
32667
32198
32713
33325
35171
35544
34822
34089
33891
33613
32946
34442
35336
34349
32524
30549
30589
30532
30764
32592
33217
33307
31507
31677
31373
30801
30144
30812
32163
32367
33524
34054
33366
33016
33007
33428
34694
35133
32740
257
258
260
264
270
276
282
286
291
297
302
305
304
306
306
308
307
311
314
316
318
321
326
330
333
335
337
337
337
332
330
328
330
329
330
333
334
335
339
347
356
359
362
365
369
371
373
377
379
379
375
374
371
369
364
362
365
367
367
366
369
374
371
366
360
363
373
386
395
397
398
401
406
414
417
420
420
426
433
440
443
439
444
444
445
440
434
435
439
453
456
451
440
428
427
428
434
439
440
444
453
477
507
539
567
592
611
622
619
607
601
610
621
633
641
658
675
684
685
680
677
675
676
673
637
573
529
539
583
610
613
608
605
609
610
607
594
577
561
550
544
539
539
536
530
518
508
502
496
492
489
487
485
486
491
497
499
499
492
484
474
471
466
460
453
451
450
446
440
438
437
436
429
420
404
388
376
371
364
361
37824
33083
30994
30936
31360
32678
34148
31035
31924
32213
32468
31306
32503
33485
33248
32266
32856
34007
34986
31698
34422
35377
36922
34197
34150
32561
34018
32739
32305
32290
30864
29584
32333
33132
35222
32314
33750
34594
33246
33137
34977
33843
34923
32655
34842
34778
34519
33804
34079
33660
34230
32602
34813
34690
34169
30964
33353
35637
36419
36050
34596
34534
36730
34715
36490
34432
33471
32898
33185
33630
33448
32062
33350
34565
35412
34941
35825
35877
35291
34173
37293
37258
36524
35588
35585
36103
35372
33968
34288
34593
34412
33669
33662
35099
36347
34698
34413
34749
35042
33001
36880
35966
34851
32767
33360
34098
34353
35062
37954
37621
33381
34570
33228
33432
34913
33763
35682
36024
35255
33948
35373
36859
37665
36079
36122
36148
38311
35886
39207
39603
40539
39357
42996
44657
45251
43557
44050
39183
37598
32810
29697
32110
31881
32102
32864
30162
31984
27981
32792
35774
36465
33618
32566
28846
33772
36849
39266
41614
44483
38136
34406
36949
39461
38650
39295
35852
36400
35368
32106
29542
28494
26871
28943
29441
28898
29275
30138
32575
33999
32926
33338
33868
36042
34636
36939
33887
32848
32069
33031
31878
33250
32938
34493
30725
27394
28093
29018
30674
29641
30261
30592
28348
27199
25622
25637
24581
25398
22800
24108
24079
21002
20600
22159
19197
22339
20585
22729
20582
18683
14832
15455
15634
16250
12676
14776
18405
21363
21052
22465
23281
23308
21781
22132
20800
22329
19640
18878
18839
18343
16280
17894
17700
19841
17972
19356
17883
16765
15946
15151
15919
14914
15194
15885
14361
15235
13441
17299
16189
18824
19112
19747
21973
20091
19973
19808
21452
21414
23045
20096
19668
21599
22371
20777
19647
19497
18247
20034
19782
21880
19316
20315
20547
20798
23166
22755
22112
23989
22064
23488
25366
25076
27779
27089
28230
23963
19965
20489
19826
18938
20117
24259
25742
25527
24053
25632
24806
22901
25143
24897
25649
26587
26586
27574
28472
29661
30168
31509
30632
31189
31387
32235
31786
31674
30164
30781
32356
32300
31172
33397
35872
33842
33087
34300
34640
34787
33310
34117
35166
34545
31930
35494
37905
40564
45955
51137
51971
55727
56701
55857
54999
58511
57501
53269
49128
43580
40649
42644
42537
37724
32277
35173
31847
32822
31681
31729
30762
28739
29065
29932
29221
28412
28427
28327
27363
27135
26780
26131
24984
24573
23786
24646
24514
25089
24066
23773
21927
22639
22174
22193
21684
20915
21453
22237
22601
21967
21574
25327
24781
27643
25393
29735
32606
32848
33546
33186
32987
32349
31829
34013
32793
33473
33602
31981
34493
34506
37040
37866
38012
35995
38062
33714
35988
33775
33674
35061
30894
29497
29404
30067
30514
30567
28891
30670
31551
30152
28120
26754
25839
26588
22924
26075
20155
21891
20090
17398
20620
19727
19610
20836
20753
20977
20518
21015
22219
22770
20860
20269
21133
18957
18527
22698
21518
23859
24164
23896
22672
22349
22536
20927
22686
22141
22220
22810
24790
24878
24297
25798
26003
25254
21612
21993
20480
20731
20964
23565
24094
26079
25533
27485
27943
27608
29181
28306
27246
25336
24778
28376
26425
25210
26033
26102
28083
28007
27064
28847
29104
28458
28033
29229
28005
27578
26817
29183
29209
29914
30872
31448
31069
31912
33179
34170
32705
32843
33633
34352
33355
34081
32817
33611
32841
33919
33574
32901
32673
32175
33104
34442
33573
33701
33860
34216
32146
33418
32802
32735
33585
35087
34424
33720
34270
34702
35396
34865
34268
34178
34403
33458
34855
33703
32978
32213
34095
33205
32868
32503
32112
32897
32824
32385
32556
33462
32950
33120
33862
31456
33966
34144
34155
35371
35619
35533
35096
37866
35335
35986
36505
36572
37166
37562
37227
38357
39965
38791
34443
36055
37236
37455
37808
38560
40634
41252
40568
38008
35258
35972
35511
34833
34012
36201
34392
34582
32963
31356
32403
32666
30984
34276
31460
32004
32732
34364
34364
36684
34827
36701
36247
36236
38630
37613
37962
39189
42045
44128
45604
51878
53798
50348
55754
55711
54339
56143
53912
47478
46649
45737
50488
46745
46199
47501
46817
52672
53752
49763
48920
45816
45226
50231
49320
51351
47789
50312
50004
51262
50452
52635
49829
50381
52275
54185
54065
55211
49972
53236
49275
45597
41114
41060
45068
48043
55263
59754
54383
60777
56617
53624
57953
65534
61934
57970
58465
55014
54637
53511
49525
49661
53059
54558
49917
46625
42564
43412
41689
40281
39038
37709
36456
36951
35514
35904
36394
35960
35091
34617
35194
35547
35580
35476
34925
33921
33109
35074
32916
34664
32286
32716
33246
33659
34194
32178
29596
31704
30357
29060
28412
30162
27146
26842
27863
29529
26190
28060
26723
29572
28414
29797
29385
29492
31102
30743
32684
35133
33824
36122
34152
33425
33742
32967
32667
33716
31621
31938
33490
33325
34481
35096
33689
32608
34029
33773
32668
33964
33741
34746
34704
34798
32916
35293
32786
35423
34337
33366
34413
32739
33803
34603
33884
35239
34054
34814
34315
35486
35588
33491
32296
34430
35640
33685
33321
33665
34395
34852
34235
35033
33538
34367
34699
33585
34366
34273
31789
34546
32663
32616
34165
35795
33311
34517
33503
34468
31939
33942
34424
35383
32228
34410
34075
35858
34280
33861
34453
35471
33702
34724
33710
33825
33667
32743
34493
33857
33252
33573
33136
33027
31955
32153
32782
34290
34691
35918
33393
34513
34354
34421
34780
36059
33972
32259
32380
34955
34294
33412
33588
36044
34101
33591
32904
35933
33491
33900
33796
35282
33577
33414
34721
35669
32993
32680
33025
35503
34927
35562
33167
33910
32041
33650
34638
35250
32043
33019
34684
34702
33309
32484
33982
34442
34114
34815
33206
34583
32746
33822
32611
34288
31186
33618
34019
34593
32326
35165
33491
33477
32415
32798
31769
33821
29449
33045
31963
34475
32373
34369
32575
34748
34527
34550
33187
35785
32685
32953
34161
34970
33367
33614
35229
35300
31976
32520
32926
34249
31490
31773
32236
32905
31470
31224
30902
33474
31993
34835
33711
34482
30028
31527
31330
32817
30984
30432
30409
32154
30370
31207
30821
32331
32464
32310
32706
35775
32287
33036
32618
32317
31238
30795
31337
32669
33415
33716
30538
33287
32590
31923
31752
34139
30982
32439
30759
34078
33987
31956
32059
31966
32131
31834
31954
32767
29628
32367
32358
31575
30492
29976
33680
34861
32617
33219
31823
32639
29581
32101
32463
34298
31923
33403
34859
34790
32660
31868
30474
32694
32584
32938
32939
35922
32737
283
282
282
291
301
314
323
337
350
356
359
357
361
364
369
373
376
380
384
391
399
407
418
421
425
431
440
446
446
445
442
446
452
456
450
452
464
479
485
490
504
519
528
537
552
567
573
577
583
584
577
575
584
589
583
567
572
586
597
591
582
585
595
600
594
585
587
606
631
646
642
632
633
645
657
656
653
650
652
651
643
635
631
634
635
628
615
599
602
618
643
650
634
613
590
590
594
604
588
575
563
574
579
590
605
626
631
622
601
574
556
550
556
560
563
572
579
580
578
573
568
558
552
546
517
469
437
446
482
502
501
494
491
489
487
483
478
469
459
452
444
441
436
436
431
424
417
412
414
409
404
398
397
397
401
406
408
404
398
395
395
395
392
389
383
380
378
376
376
371
370
370
371
363
352
337
329
323
319
317
42301
38600
39637
39576
39431
38352
37604
35810
36075
35086
35151
35031
36646
36523
35462
37930
36454
35057
37170
34394
35989
35609
33954
32826
32571
35062
37090
32692
33100
36132
34059
34470
35525
36705
35315
32800
32160
32306
31145
33978
35183
35660
33417
33870
32068
31740
31048
30782
32069
33315
33172
31102
33127
32171
30928
29814
33369
32514
31029
29396
30047
33513
33211
31459
32499
31970
33208
32227
34869
34373
35792
31943
36442
37695
37038
35472
35096
35833
36205
37711
39094
38324
36700
36693
36850
36645
35712
34485
35967
35300
34939
33507
35439
36323
35688
35185
33523
34696
34464
34917
32440
34659
32194
30678
32322
33269
35399
31678
30376
29558
35067
33083
35232
36746
36626
35807
36142
37176
36275
37545
39861
38244
37236
35625
36748
36933
36490
37433
39025
39255
37268
36647
37909
39776
38764
37217
38768
39567
41118
38581
38134
36735
36465
33651
35975
34986
34294
34056
32682
34287
30277
29893
31452
32063
31183
31662
30271
31131
29482
29021
29296
29190
30163
27461
27524
29071
26562
26356
27504
29930
29805
28755
31109
29032
29918
28998
33678
31209
33674
32152
37668
40992
42122
40124
42288
43357
49772
59708
64379
65534
62031
61833
56954
54317
50305
45974
44789
40285
37575
34910
35097
36152
34962
33647
33070
33477
33660
32171
33784
33066
32418
31645
31818
37832
37333
34687
35516
33509
36318
35507
36991
36509
39190
38156
37396
36914
35988
34344
32779
34264
32312
32776
35441
35276
36464
34429
35848
37361
38468
37401
37355
35942
34868
32547
35732
36244
34143
32991
31119
31724
32437
32503
32191
32261
33475
29154
28432
29288
28059
28392
29936
30133
32243
30689
31990
33360
32841
31207
34624
31439
30240
28455
29531
30772
31518
28729
30202
29110
31164
28475
29643
29605
30065
29992
31032
32117
30085
29879
31196
33311
35971
35061
34909
31608
35723
40144
36791
37952
37456
35023
34724
32818
33518
33078
35316
34696
35126
32218
32949
31066
30860
28803
31624
31178
29376
28002
28807
27639
28144
27254
27319
26676
26592
27458
26874
26323
27059
25806
26581
25897
23754
23884
25997
25660
26878
26243
27437
26854
30581
31515
31492
29970
29543
30356
30007
29919
31083
30731
32071
31585
30079
28791
30581
31898
35810
33531
31230
31992
31491
32501
32660
31122
29495
29081
29445
28671
28617
26938
28638
27317
26101
25948
26476
26404
27063
25067
25776
27629
27903
26831
28867
28490
28360
28264
28848
29838
30040
30399
29986
31254
32923
31987
30383
30637
29680
30932
32402
32166
33005
31864
28847
30628
29358
27191
27050
25388
25071
25498
27944
27178
28105
27884
29373
29495
29719
30572
29853
30232
31437
31491
31737
30643
30636
29140
28731
28301
29420
29976
29146
27634
27900
27899
28486
28218
28184
30411
33413
33232
33789
31265
32655
31452
34174
33722
32319
32261
32366
30225
29883
29685
28599
30501
33442
33330
32192
32429
30652
32555
31294
34180
34086
32767
30626
29367
30178
28954
29243
27333
27537
27935
26940
27399
28242
27591
29730
29423
28107
27562
27953
28646
29579
30578
33558
32982
29082
28419
30633
33041
33320
30590
28922
31426
29462
30713
32111
32105
32182
29899
30986
32293
32704
29805
29859
28999
28648
29206
28749
28155
28396
28172
27606
28328
28171
29173
27346
28171
27153
27523
27976
27954
27462
28396
27503
27385
29253
26477
27916
27368
26456
28311
27263
29130
28928
27324
29147
28925
31050
29344
29142
30239
31533
30719
30145
32875
31955
33040
33704
34675
33289
32564
32784
35658
34521
33452
32649
31850
33197
31811
31252
29415
30186
28385
29602
29367
29268
28622
28677
29690
28443
27294
28544
28315
27944
29003
28311
27598
25745
26229
26970
28143
28484
27556
27362
28301
28567
29168
28559
29853
28118
29429
28110
28964
29154
27319
29140
28331
29105
28808
30236
29444
28094
28715
28038
28217
30796
30915
30927
30505
30804
32267
31303
31762
30359
30680
32291
34031
34469
31118
32912
34438
34724
34700
35710
34284
34079
34706
35995
36330
33751
33974
32409
33174
33737
31916
32964
32719
30210
31784
31648
33761
35849
35917
36924
37403
35841
38486
34799
34486
33682
30495
31847
32365
29352
28688
29005
28373
31347
30236
31141
29404
30734
31734
33377
32710
33693
30706
33693
34619
32837
30185
32071
32672
32851
35199
35936
31557
31684
33647
31339
30658
30888
29681
31696
30527
31457
31069
32724
32083
33210
35245
34751
32720
34443
32449
32904
33182
34956
33882
34627
35624
37187
37350
37776
38030
39131
39134
38766
40040
40839
41725
41434
39361
38526
38616
39040
38786
38474
37403
36763
35292
35349
34316
35264
34872
35042
35919
36220
35970
37404
37433
36286
37363
36734
35361
36300
36647
35127
33915
34466
34195
34316
35217
34792
34448
34278
34256
33423
32619
33421
34083
33231
32482
30675
30830
33584
32956
33066
33157
34692
30829
30947
30824
29861
28641
28644
26500
28973
29592
29912
29105
29916
28467
28583
30467
30968
30014
28997
29780
30669
30195
31309
32819
35645
35049
34555
36495
36445
35879
34355
35721
35851
35653
36386
35929
37276
34933
37047
36758
36302
35604
36361
36333
37411
35197
34721
35001
35252
34418
34731
36456
36762
37226
35936
35313
37400
36290
38463
38919
39285
36288
34404
35769
35199
32720
33878
35389
36424
33888
33459
34377
34544
35551
33687
35071
34834
33630
35372
35332
35309
34127
34170
34625
34796
31588
30490
32745
33492
32742
35171
33613
34454
32946
32611
33464
33462
34771
32572
33620
30988
31194
33058
32801
33041
32187
31580
33549
34178
34746
33726
33593
33753
32147
31438
31471
32841
32731
32975
32052
33399
32712
31807
33215
34732
33280
32569
32410
31953
34029
33699
34617
34898
31816
32009
31779
33702
32642
32247
33115
34092
32243
31445
33009
32226
32349
30847
31138
29652
31439
31390
30177
32335
31407
30665
31874
32167
31133
30244
31393
29875
30029
28158
28332
30661
29483
29520
28967
30623
32266
29743
30624
30104
29611
28625
31996
32258
31336
33068
33754
32071
31166
30812
32067
33006
31114
31676
33048
32316
29029
28868
29763
31479
31676
30650
32124
30228
30932
29205
29992
30419
31108
31580
32622
31479
30087
31218
32542
32733
32929
32755
33558
33681
30677
30138
29475
31313
29567
29138
28927
29573
29129
27009
28453
30568
29279
28467
27709
26678
27453
26419
26288
29001
29130
27714
28837
29316
29228
28689
31353
31655
31398
29014
26000
28000
26910
27601
30378
32153
32522
31048
29762
30383
29533
29558
29524
30595
29919
29894
31689
29610
28985
29627
30310
30471
32610
284
286
290
301
311
323
336
350
363
368
368
369
369
372
376
383
385
386
391
399
406
416
425
428
427
431
440
445
446
443
439
437
443
444
435
429
436
450
457
462
476
490
495
494
498
506
511
515
521
522
515
508
509
511
504
493
492
500
510
514
510
509
507
511
509
506
505
519
538
550
549
541
543
551
557
556
551
550
554
555
552
547
544
545
545
540
528
518
523
540
558
563
556
540
530
523
535
539
538
524
517
517
526
533
546
554
560
557
542
522
501
497
497
501
502
510
517
519
519
518
513
505
497
492
467
433
413
429
459
474
474
468
464
461
463
462
459
450
441
435
430
429
428
427
424
415
407
402
401
399
396
394
394
393
396
398
401
399
394
389
386
385
385
380
377
374
373
372
373
374
372
372
370
367
355
342
332
329
327
327
20615
24945
23774
24484
23950
28789
29699
31341
30733
31848
31542
33279
31127
32066
32724
30507
33211
34415
31297
33702
33416
34711
36292
35930
36328
32785
32515
32998
34660
33214
33878
34974
36597
38514
41398
46163
47504
45478
48720
43493
42924
44255
45413
44018
45830
46786
43787
45456
43113
42700
40101
41786
39750
40282
37843
37650
34688
36993
39224
40200
42254
42660
42606
45573
44529
44880
38832
38083
36150
35661
32833
35761
34325
33087
36532
34311
34393
32184
33159
33610
33161
35771
36042
37606
35925
36106
34507
33974
31839
35115
32939
31918
32103
33195
31918
33451
35497
35243
36014
37303
43558
41373
41315
41948
42815
45271
46849
59353
62093
65535
53487
59828
51479
48633
49928
48814
45139
43403
41307
41312
42334
44000
41005
39596
39204
40166
40039
42384
39738
39181
39907
39336
40964
37857
36534
37865
38118
33546
30466
30437
30029
30585
28037
31903
29479
29439
29582
29821
33003
32846
33923
33379
31333
30083
29941
29207
34336
32231
32740
36052
34046
32135
34198
33500
34643
33036
32569
32260
32443
31566
28341
31468
31589
35370
33402
30701
29293
35542
30835
34387
34361
39468
42794
45599
41190
40062
31976
27639
28335
32952
36548
36326
39591
33079
29670
29418
29748
30036
28225
31819
29008
28198
29936
31430
31136
30353
30310
28288
26270
27603
27690
27221
25207
25998
28188
31067
30381
31950
24973
25575
24764
25540
25946
24948
27249
26404
26202
25933
23252
24010
22264
21805
20860
23732
20295
24520
23096
20236
19392
22189
22055
23780
21000
21241
19116
19670
21536
22001
27473
27414
25423
26667
26081
28237
27011
30334
31765
28515
28950
28097
26637
28642
24131
26120
26091
28326
27565
31052
32098
33720
33849
35884
34076
32606
29362
34692
30784
34684
33121
34766
31818
31955
29240
32246
31580
32505
35639
35509
37080
36624
33019
37821
35759
38446
35736
31518
32485
32185
28338
31676
30775
30182
29015
28509
27756
29172
26832
30260
26947
29759
29575
29848
27520
29305
30699
27579
27802
27603
24379
26447
27042
26911
27403
28206
29010
29620
27929
30098
29131
30690
31232
30740
30216
30545
28275
29599
28798
29045
26417
25307
27040
30309
30071
32543
32902
34373
33244
34756
36941
37762
37711
39882
37951
38304
35256
36980
34990
35600
31996
31258
31659
28931
27067
28203
26951
27619
27033
29099
27957
28811
27758
29426
27843
29384
27077
26896
27341
27180
25629
26317
24516
26914
27016
27793
26611
26912
25346
25419
26000
26430
25043
25821
26885
26053
25568
25482
25759
25316
24007
27054
26419
27356
28154
29180
29275
31987
31631
31121
30166
29768
27865
23978
25197
25707
26858
30463
32934
30592
31609
30176
28892
26957
26143
26234
27868
26788
25525
25678
25287
26423
25932
26031
24500
25922
24263
25060
23658
23909
23617
24740
22176
25140
23528
25504
26120
26866
26884
29023
27485
26849
26690
25331
25626
27264
27861
28246
27939
27420
26085
25014
24865
26138
24350
25010
23625
25056
25211
26061
25498
27424
28375
26162
26222
24896
23864
23305
22644
23659
23598
22953
25274
25930
21672
22976
23865
25043
23477
21927
22132
25864
27135
26679
25624
24643
24587
26600
26128
27248
26724
23986
25197
24690
24088
23504
24893
24582
26739
26410
24717
26458
25128
24967
25719
25396
25287
25872
27256
28672
27142
26437
27123
28452
27521
26964
25834
28671
28763
27084
28941
28577
28396
26130
26278
27506
29119
27234
27176
27198
26569
26782
26814
26767
26912
25612
27143
27106
29175
28399
30032
32472
31649
29986
30463
31827
30013
27292
30197
32466
31515
28686
28474
29206
28680
27625
28713
28249
28305
26306
29343
30482
29946
28809
27766
29304
29943
29010
28964
30729
29815
29179
27572
29760
29574
27487
27829
26328
27533
27329
27410
28499
29314
29744
30248
30369
30247
29482
28173
29603
27737
29117
31118
34030
33425
29511
28090
27953
28294
27271
26908
27262
28515
29203
28218
30851
28845
27973
27110
28385
28066
28238
29638
32835
31330
32296
33217
35385
33241
32078
33756
36076
37282
37193
36856
37389
33894
34330
34851
32705
30695
31460
30239
30163
28675
26551
24451
24407
26347
24614
25605
28509
25093
23723
27049
27227
26817
25532
24301
26246
28190
29143
29267
30743
29880
27789
27598
28719
30628
31638
30694
32749
30427
29856
29467
28519
25538
29246
28080
27243
31454
32466
31874
36155
34707
35195
35687
36062
32850
35873
35851
34475
34139
34568
33648
36126
36623
35894
35085
36485
36152
34361
33870
35914
35404
36012
35412
34682
34699
32467
32513
33483
32029
32968
33897
33733
34166
33817
32776
32397
29670
30010
29602
30610
29258
29792
30285
31968
32270
32357
34306
38052
39069
37291
35333
37818
35910
36610
32500
34606
34507
34207
35413
36902
36746
36570
37510
38207
37213
41373
40465
42197
41780
43747
44252
44121
40456
42065
41223
38901
37371
38738
39585
39167
41367
43480
46135
48441
46848
47296
48784
50258
47595
49721
50945
48746
49025
49729
49806
48053
48208
48573
44231
43770
43232
41753
40048
39105
38114
39945
39286
40557
39327
40930
38598
41845
41340
41118
38187
39705
37962
38889
39676
40447
38920
41388
42095
40828
40601
39191
39412
38821
38305
41221
39401
39823
37507
39152
35576
37738
36346
38115
39276
40931
42890
44528
41680
40979
40681
42640
42527
40364
41077
41662
42806
41600
42821
43823
43424
43384
41003
42810
41334
40403
41728
43960
44781
42712
44625
47595
48590
47347
44855
47378
46576
46167
45570
46790
47419
49168
49031
48403
48414
46892
47765
48972
47656
49465
48329
48427
47109
43868
46516
45867
44643
45672
45319
43504
42548
43702
43033
43969
42802
43806
39983
43047
42488
42400
40105
41633
41191
40032
40276
40273
39446
40569
40633
43510
45140
44612
42617
43003
40341
39685
38958
41605
41054
41509
41113
42649
40854
41504
37491
39767
40424
38102
37228
39525
39429
36298
38897
40784
41648
41086
39610
39521
38417
38822
36543
36966
38508
37997
38011
38758
37302
36788
36870
35698
35287
34966
36223
37730
36427
34395
33899
36828
36393
37409
38861
40756
38221
37381
36615
37500
35588
35362
37519
37839
37029
36734
34911
34823
36217
35942
36184
37834
37553
36051
35543
34937
33886
33754
33154
33991
35067
34948
36778
38344
39207
39412
41173
42267
39661
39009
38974
42335
43976
45104
47115
46258
44975
43845
38644
39837
39125
41216
40385
40602
38733
34801
34621
36752
38007
41102
39155
39541
38726
35118
32625
33381
33265
33462
32837
36671
35982
37463
33807
33329
32406
32891
33893
36322
35529
34479
37452
33333
248
248
251
253
256
261
265
267
269
275
281
283
283
279
281
282
286
289
292
298
297
299
301
304
305
305
308
308
312
313
313
313
316
319
318
317
321
329
335
342
349
356
360
364
370
375
379
382
388
392
390
387
387
385
382
375
376
381
382
378
376
378
384
386
384
383
388
399
407
407
404
404
407
415
417
416
415
412
415
413
414
412
410
411
409
407
399
394
396
404
413
414
406
395
389
392
401
405
401
396
400
415
431
452
474
496
510
517
520
514
515
525
540
556
566
583
600
609
611
609
608
609
611
611
582
529
489
497
536
565
573
571
570
575
580
579
567
552
540
529
526
523
528
527
520
504
491
483
481
477
474
470
471
477
484
491
495
494
484
473
471
471
468
456
449
444
446
447
449
449
448
446
445
434
415
393
379
376
369
367
23640
28443
27378
28281
28124
32526
31244
31544
28385
33738
29908
31968
33418
30488
29251
30335
25030
28672
28562
32909
33435
32216
31467
35079
30706
32439
33816
33119
37390
36334
36631
33239
28036
33934
31613
31872
31999
31283
27256
28773
32137
32324
26992
31970
28258
30116
32126
31085
29385
28587
28178
30716
31354
31777
30210
33028
32701
33952
33108
35491
33867
34431
31038
33207
32861
34639
34504
30608
31769
33709
32771
31529
29229
30679
32344
30977
32474
30337
30877
33445
28689
27245
27994
27578
26548
27946
28005
28358
26530
28104
29791
29426
27933
29898
27991
27678
28833
28267
27405
27134
27413
28080
27851
28064
28551
27283
29939
33656
34027
32864
33393
28074
29844
33334
31743
31344
30497
28681
27227
28576
26879
27222
28336
28322
28296
30624
27706
28077
27145
29687
28053
27397
27799
27366
27385
28168
26588
28516
30151
36689
37987
35366
34721
35845
33664
37028
36508
35601
33194
39920
40351
40924
37619
41775
40542
39507
42613
38081
35310
40372
38427
39330
37477
40408
38953
40174
38010
37372
38918
39301
38940
40034
36903
38601
33259
29207
28497
27747
25853
26479
26279
24001
28832
32624
29968
26433
29119
28893
30143
32993
35892
38912
32958
34644
35147
32088
31583
32769
30713
32025
29487
34014
33265
35698
36758
35250
37487
41627
38774
40681
42249
43631
40939
38478
43433
44420
44149
43718
43862
45514
42994
44275
35556
42852
39832
37669
36210
39345
34861
33242
32730
34164
34844
33819
35719
37098
38506
34423
38275
39326
41335
38009
39881
42577
38287
38959
45222
47539
43096
46207
47496
48897
48454
51573
51809
51451
50414
48351
45292
46674
44329
45868
43816
44607
48697
50957
53261
51790
58725
65534
58999
56172
52480
54794
52987
60081
54565
55908
49373
52812
49517
47967
49412
47551
47672
46629
42450
50400
50258
49744
48667
47739
50208
41897
45541
41388
39539
40557
43069
40790
35442
39170
36327
39586
34759
36365
43465
42495
42679
42874
43862
39153
36273
38985
35603
33654
32772
33921
31529
31975
30954
31417
31611
31852
31821
34089
35326
34627
30990
33318
33042
32520
31771
29707
29877
30972
31662
33034
31611
34814
30846
34487
34182
33337
33544
35080
34287
29852
28704
34941
33439
35538
36533
34044
35762
40716
32418
32847
35228
35239
30886
33213
32209
31629
29629
32016
34549
32123
33044
35218
35627
34737
34220
36080
35871
37209
35252
36294
35272
33898
35173
38367
40157
39243
36718
41358
41696
39454
39419
39939
42957
41441
42006
44156
43645
42121
37736
40287
34497
38029
36196
36301
37688
38176
42336
45816
47232
49043
47364
44313
42593
45163
40913
41124
42714
46177
46556
46768
45527
42521
45488
40319
43974
38417
33062
37604
34776
35444
32793
32312
29607
30480
29364
30593
32239
31307
33220
34876
35552
41307
37974
39426
44055
45787
48920
50070
47907
50112
50796
49350
50197
45802
46678
48214
44904
48410
49680
44801
47786
43116
41722
42645
41915
44046
42669
42082
42803
42259
43361
44714
42159
40351
39818
39080
36251
36101
36367
36437
39391
38881
38334
39428
37112
37146
37193
38241
36548
34194
32926
35893
36417
36242
35441
37336
39707
36913
41137
40940
41614
36224
34069
34815
34446
33672
31776
32711
32105
33146
32101
32982
33592
33590
31576
33974
31172
32280
29696
31251
26243
27157
27251
27992
27720
28614
27891
26121
27483
26253
29611
27937
27444
27436
28230
30131
28007
30643
28492
26813
25984
28576
30703
28900
26730
27298
26350
28173
32405
30128
35165
34285
32255
32563
31134
30634
32874
31052
30757
32184
33576
32786
32423
29609
26972
26127
29588
30968
28836
27507
30844
28772
28361
26878
28752
27581
30030
29414
29303
32662
33331
31265
27443
29690
27773
28888
30341
29409
29390
28353
28291
27225
30783
24888
29729
33780
31513
31945
32308
30831
32259
32107
32414
32353
38453
37804
33656
34263
36452
34540
33473
33218
32537
30225
33261
35864
36056
35431
31547
35076
35220
31502
34064
34036
31862
31616
33238
33527
33365
31445
34291
38850
35266
33646
34487
33899
30646
31176
35973
31363
32343
34644
33209
38377
39000
36602
37116
33900
34115
35402
37378
39277
36534
34090
40490
40257
44305
42038
37149
37507
40227
44179
43902
41430
41452
41956
40695
44833
42082
38877
38563
42152
41267
40827
39109
41088
42545
45383
46171
42077
39108
35697
34863
41657
34405
39648
40125
34922
33064
36019
40442
36338
36535
32100
34047
36103
35817
32523
33667
36098
35022
35274
34119
33498
34011
34522
36581
33614
29324
31511
34523
33146
33187
32332
32594
30772
31703
31695
30949
29510
26195
29787
29009
29959
29312
29976
29595
31175
31639
32784
32926
37936
36665
39164
38465
40319
37512
35688
35357
36273
34719
38386
35420
38662
32768
36952
35521
36297
35702
30172
34479
33416
32738
32838
31679
32928
34334
34745
32417
32040
33685
33698
31627
29733
31876
31917
29776
32595
36707
30715
31822
30939
27947
32548
32180
35106
34381
32318
34053
36654
31252
33816
32281
30588
31792
30183
29754
29610
29434
30394
32084
30395
28833
28235
29452
27311
25473
26621
28880
29221
27648
27627
26999
29120
26135
25409
28102
28567
28157
27460
29069
29507
28189
29013
29312
27735
22795
27546
26832
26407
27282
28661
28051
28363
26905
27639
25224
27214
26867
25245
23748
22611
22292
22135
22437
23582
24893
28902
27733
28000
29320
29689
27396
29859
26837
28157
29366
30525
27164
31038
27248
28117
26087
24956
24133
24978
22739
23983
24058
24005
20267
24319
20849
24965
21636
21503
21828
24374
23833
25208
22361
22343
21330
21863
21844
22992
24444
21921
22665
23771
21592
23143
23559
23910
24993
24553
23697
22612
22243
25256
21814
22958
23166
20667
21948
22784
24821
25154
24570
23466
22834
24935
23819
27632
26001
27740
23255
23629
24934
25627
22802
23948
25458
25874
27100
28135
26396
29461
25923
27370
24817
26750
25090
25422
23588
21119
21813
25686
22845
24572
22453
22594
24696
23883
22162
24175
25584
25795
23796
24027
24305
27734
25477
28286
25666
25008
24875
25858
23403
24637
26826
28336
25788
27220
24809
26586
27833
28616
26015
29502
29285
29521
25012
27462
25032
25141
26570
28706
25617
27028
26954
30590
28261
27716
25475
26669
29353
30616
31409
30421
30927
29076
29453
33081
31201
33303
30105
34827
31695
35291
36667
33585
35322
35487
33137
36103
33644
34679
34473
34161
32551
31547
30277
31800
31331
36254
34522
34088
29181
33269
28887
29451
28242
29103
29561
30711
31833
33604
35595
33125
30784
30045
32119
36144
35150
33409
248
248
252
260
265
267
273
280
285
285
284
284
284
288
289
294
294
298
297
302
305
312
316
318
319
318
321
324
329
329
330
330
332
330
331
334
342
349
356
366
376
386
391
399
409
416
420
423
425
424
420
420
422
419
410
404
402
405
404
403
400
400
398
396
391
388
394
404
416
417
412
407
406
409
412
412
412
411
414
414
414
411
408
405
404
397
391
386
389
396
401
401
388
378
374
377
386
387
384
377
381
399
420
443
466
491
508
518
520
515
515
523
536
546
554
568
583
589
591
590
589
587
583
581
552
502
463
469
503
527
532
528
530
532
537
533
525
513
503
493
486
485
490
492
487
474
466
459
458
453
450
444
444
446
452
453
456
458
457
450
443
440
437
430
422
419
415
414
416
419
424
420
414
400
386
375
363
361
353
355
26441
29433
29880
30393
27898
27998
28141
31776
33183
31131
34314
29310
34595
31417
35882
35700
29183
31584
30888
28497
30446
28340
29336
32150
30322
34896
27153
32986
30468
30601
30916
33985
33327
31181
32695
30593
32287
33320
33656
36606
30561
26697
31771
31126
33520
35876
30135
30371
31187
32899
34074
32591
32046
32042
29505
33732
34625
31200
30915
31502
30018
34913
32192
29411
32422
32798
29199
33470
32568
29789
35784
30629
32281
31197
26733
29757
21379
27430
26844
28650
29650
25059
28274
31979
28579
28063
26503
32262
28018
28828
29385
27375
30018
28811
31371
29649
29465
30792
27749
31659
29459
29556
26883
31094
30934
34107
34926
36930
35252
32844
31876
30284
32862
35231
30470
33865
32147
26475
29527
34441
33363
30087
28793
31235
33826
31571
28914
36143
38201
35393
34684
34096
30658
32803
31107
33106
33039
34639
35681
37378
37161
33708
37299
33055
34011
30801
31008
35443
33202
29254
28067
30548
31525
29264
28366
29623
23826
29041
24792
25304
26490
28209
29864
23253
27167
23078
24028
27313
25582
29560
32410
28953
33606
31902
29996
31296
33770
30330
32245
29784
33273
39350
32964
34814
29773
32006
31378
39100
32955
32918
30467
35254
31777
39715
39968
38070
39625
33641
35970
37636
36993
37733
41220
43471
39049
41670
42847
37887
43545
41760
39884
43207
42563
53351
51002
53547
46549
45609
50390
55312
55751
51251
58490
52806
50980
46929
42162
40578
39463
34779
38757
35464
37217
41125
36869
37253
39745
42037
35160
37473
35574
37638
31458
33536
33239
35093
30863
28292
33174
33524
34706
36856
35385
38904
40119
41356
34750
34189
34538
34201
33891
36507
33548
35521
38666
36978
35257
36221
45621
32842
37278
36251
39820
40975
41498
35405
41875
39258
42266
41158
42562
41274
42679
40403
43865
43192
46505
40581
45017
43894
46215
47666
43817
46002
50981
0
58423
59047
55341
56982
50413
48826
45105
43637
50752
52654
46651
50001
40762
41842
39336
40229
37384
35481
34294
32608
29026
29666
31414
29824
28699
31179
30698
31981
31785
30189
30611
28256
29826
29009
28719
30809
30607
29693
28612
29164
29948
28271
35033
36325
36823
33660
34620
34933
29450
32967
32202
34149
40084
39167
33707
37823
38951
38449
38921
39131
39310
38883
36515
36259
34160
36764
35647
35601
32076
33119
32591
31674
31984
29470
32638
35249
33947
34248
34019
34850
31866
34435
38216
38354
38410
38166
38177
39957
37608
43223
42937
40552
44834
45462
46649
44019
40903
40547
42081
39658
41460
43381
42374
40859
33807
33184
34170
33205
32430
32804
28745
30644
26814
26515
27447
29434
27372
29344
27650
24664
24567
26999
30866
30572
27575
27791
29412
30537
31096
32112
31895
31691
31866
30051
32180
32850
32438
32685
34793
38165
38810
43047
43021
41827
39968
41676
42507
39987
42805
41842
39927
36833
36437
36259
39003
35654
40879
38343
38855
40201
37780
40816
41846
41733
39928
38954
36143
33379
29262
32559
31325
30380
26099
29582
27224
29220
28188
31885
32214
30982
30408
30808
30812
29959
34935
34975
39983
41919
38409
36147
39253
37567
34772
34214
35462
34901
33917
37378
41082
38237
36067
38761
32402
38479
36495
34342
31357
31103
32281
30597
29000
30536
27629
29126
28233
30436
27978
30336
28912
25411
26579
28623
30279
25384
27469
27340
27477
28708
26520
26926
25665
27537
27723
29186
25598
30286
28490
26835
28329
29435
26838
26690
27452
28116
29552
27101
27694
29861
28073
27774
30935
24544
27993
29670
32133
30824
30933
27431
32640
29398
29220
28436
26661
28696
27774
28458
28123
29277
28871
31981
28755
28666
29732
28216
30447
27723
27780
28800
28828
25904
26759
25225
26840
26917
27950
24137
25608
23656
25532
26505
25859
25440
26352
28975
27004
28098
29504
30452
29847
30426
28418
27834
28665
28982
25915
30982
29493
30014
29580
32086
33381
32652
33129
29333
32461
29472
30039
32858
34331
33766
32756
33155
32511
37557
34872
32650
31141
29080
29461
31513
32415
33429
32155
31061
32216
32933
31758
32881
30099
30063
35175
33042
32261
36083
38786
39697
40033
46371
44779
46017
41862
40248
37745
32999
31682
28913
27727
28871
24449
28902
29334
30246
30804
31350
33398
37217
38303
35584
36360
38572
38852
38035
33272
32063
34518
35581
34369
35044
31567
31680
33899
29626
31461
27916
30043
30173
31697
32911
31955
33650
33078
31925
32708
34056
33083
35044
32538
32181
31582
32169
32019
29235
29803
31895
29466
31560
27486
31039
30436
31618
32328
32985
32586
31435
28645
29339
28662
30915
33322
30826
30029
29854
29326
31484
30204
32666
33905
31714
32757
33516
33037
35502
36029
39912
41753
41147
42717
41816
41340
42745
41063
41089
42445
43057
42009
39382
37717
37999
41577
43089
36845
38034
35055
35202
34211
34748
35025
35096
34322
34430
32110
33923
35535
33006
34071
34312
33982
31143
33139
33551
30597
33005
32837
34326
32620
31205
33492
33829
33689
37507
30965
30898
33134
31035
32635
31576
29600
31612
28902
30117
28187
28477
29941
33234
28570
27698
27367
31120
31220
30023
28473
30431
31677
31790
32185
29976
28475
30237
29190
30864
29260
27437
27547
29683
29254
31668
31787
30919
26535
30775
30866
29983
29847
31960
30684
29593
29652
33734
29888
28749
26904
33390
32487
30914
31760
31438
30048
32170
27384
28562
30546
30244
28489
33406
31976
28337
33603
31947
32348
33062
31963
25832
35510
30828
30428
32240
31913
29166
33049
33260
29624
36536
32505
32847
33064
32019
33497
32822
35332
34511
31339
31956
33869
29131
29495
30908
31040
32440
30274
33621
32414
31908
29093
32446
32570
32345
30187
32200
29321
32718
30205
32349
29098
28969
33622
30624
29728
30032
29934
29802
30423
31459
32375
33003
31866
31177
29255
33012
31946
29941
25571
31057
29273
30858
31390
30213
28951
31911
32420
33206
31244
30985
31234
31499
30672
30136
31113
28503
29120
29654
29588
30394
31090
27350
30701
32123
29045
28591
28525
30172
28175
29594
28590
30207
30083
31272
30228
27784
31186
29074
29060
30830
31129
29214
28266
32137
32330
29119
32867
31364
34176
33562
30960
31921
32164
31928
32991
31239
32465
32172
31711
30516
29932
29164
30892
30877
29610
29353
28064
30730
29628
24352
30334
32488
33668
34922
31326
34723
35154
33995
34406
34110
33131
34673
30399
32810
33278
33557
33817
31522
31469
30205
29542
35804
31220
37148
28463
31284
33968
31512
32701
27886
31630
29950
30277
32781
31132
29305
26695
30943
32063
32880
30689
31155
30476
31763
26002
33077
282
283
288
296
307
314
323
328
335
341
344
346
346
351
353
358
363
371
376
381
388
395
401
402
403
405
410
413
414
414
411
405
408
413
417
412
414
424
435
441
447
458
468
470
471
476
483
485
487
488
485
477
471
478
483
481
473
470
477
485
491
486
479
481
491
496
497
496
505
513
523
520
518
518
527
528
525
517
515
518
518
510
501
498
498
498
495
488
479
477
487
500
511
515
507
493
480
473
470
472
476
481
479
472
472
480
490
494
489
472
457
445
441
440
442
448
454
457
462
463
461
455
447
436
415
384
368
374
400
418
423
419
412
406
402
397
397
394
395
394
391
387
382
376
370
363
358
354
357
359
361
363
359
358
353
355
354
352
348
347
350
351
347
342
338
336
334
327
323
318
318
316
314
311
306
303
300
300
299
299
29231
32401
31021
32767
29939
28055
29528
31676
38220
35007
34153
26318
33399
36472
30978
31380
31622
30857
31088
27514
30681
28228
25894
31119
29001
33868
31769
33972
30196
28676
29058
29902
32252
35395
33854
37316
35334
37841
33998
33350
37541
37139
34936
40803
36259
38293
37499
35027
30340
30667
33270
30509
32545
30610
25969
30352
28408
28841
32314
28292
30274
31059
29647
30763
30758
31929
29105
27187
29312
28633
31445
31577
31263
33979
29970
30066
30360
29304
29476
27701
30873
36436
33611
35503
35608
34412
30213
25323
30779
31061
31237
26885
25722
25694
24960
24981
26875
25392
27960
27461
28588
34818
31373
34529
34688
35686
30176
33663
38986
33331
30098
25646
27182
30159
33147
29867
27684
28497
28782
26428
27807
31868
27505
24394
23522
27077
27817
30854
30373
30917
27637
31192
32168
37391
30709
34873
32943
37106
30581
36111
34467
35585
35258
37418
35523
35846
33175
37611
34161
38977
37955
37983
36792
37466
30935
33325
34662
35932
35706
33325
31028
35457
31070
37029
36881
40928
36508
36623
35422
36416
36931
33642
37386
39788
34268
34375
38821
36547
37070
36466
32573
37212
41588
43721
37358
30290
22730
25152
29701
33643
33895
36548
30972
31012
27207
26884
29215
32285
28651
31737
31766
34823
36516
35692
36637
34291
30119
34347
36020
35221
33894
34128
33868
35386
33421
37324
39538
35469
32742
34620
38415
37563
35122
39062
37624
36981
35185
36299
36435
36819
32993
33380
34549
36072
33685
34303
32591
30768
34949
31524
32222
30104
29675
31200
32029
33955
29719
32532
32770
32804
31553
34082
30529
30611
33344
31474
33103
34793
30191
32908
32474
31960
35790
35221
35707
33623
29003
25129
33922
33187
29662
31218
34471
35229
35450
28728
28321
32374
30693
34720
33462
29143
34867
32865
33838
33365
26988
32591
28637
26870
26033
22138
32205
27660
31277
33013
34332
33695
32354
33624
31219
35389
29610
26891
23185
31410
32823
34209
32854
33168
30991
31844
32621
34417
30517
35042
36505
36417
32222
33894
38304
37080
36024
34872
37166
39068
35624
36085
36774
37344
33812
36059
35351
35207
34063
34587
37604
34560
36806
39325
34245
32662
31080
28768
33530
31056
28318
26770
26626
25451
22337
27085
26366
23168
24093
27991
26785
28755
26967
31261
29485
32936
33654
36739
35471
35713
35419
35719
37020
37056
35194
34077
36588
38769
35172
34193
35716
36196
35962
34685
37091
35293
32635
29415
32194
33958
35453
31687
31325
31185
34296
31755
32714
32327
28782
31385
32289
34576
32711
33742
30637
34165
38232
28700
29787
34754
30188
30565
29727
27617
29696
29599
29424
29619
29662
27111
27724
28897
26252
25369
30555
29767
28746
30211
30705
34406
34812
33269
38187
37652
37476
35435
36929
39227
36465
34414
35596
34111
37112
36849
33274
35427
35378
37492
39335
36037
34093
31008
34390
34466
29057
31625
34257
31949
31126
32394
35130
30754
29521
33511
32590
33531
30413
31985
34232
38850
36161
34778
36029
37412
34423
35516
35198
34787
36261
36499
34837
37367
36266
34566
35879
41023
39438
34305
33423
34561
37166
31852
32700
32318
31661
31289
31326
35736
33071
35935
31715
36035
35020
33904
32254
31345
39532
34673
36663
35925
37779
38429
38067
38806
37478
41909
35571
36732
36866
36011
38624
39132
40447
37250
41538
38460
36133
34996
37378
38925
36841
41094
37756
43103
38010
37575
38898
37191
37082
33962
38386
33993
36993
35019
33770
34187
35861
31239
25183
33533
29392
29721
28488
28237
26419
28560
28173
28173
30315
32010
30125
29901
29203
32927
36310
34091
37498
32434
34314
34510
35601
34855
37966
37463
35689
35921
39293
34744
34333
37486
37431
37315
38163
39538
37912
37392
37440
33954
38691
36658
40185
35844
32148
36481
36254
32626
33153
35861
36535
32950
34213
31987
29838
26942
30130
32624
30626
31559
34504
32285
31340
31370
35157
32682
30998
29366
37679
39182
34562
29993
30262
29327
28208
27994
31656
23825
24200
20883
26197
21530
27086
22688
24201
18790
22358
23018
22349
22612
25589
21861
19577
23143
24498
22461
25361
24466
28919
27255
28808
27191
26716
27879
29960
29322
28342
25674
27637
30354
24533
21421
23426
29276
26514
23664
30178
31080
27300
25268
25259
25553
26307
27334
24295
24784
30368
34180
31131
32669
29611
23673
27224
32497
28984
26763
28785
29566
27709
25436
24871
28345
33792
26737
30820
28155
27463
23140
24345
24225
26453
26582
23936
22397
24318
22671
25327
24553
25778
27297
23829
25374
24561
26671
25736
25165
27804
25663
28134
27277
27799
29243
30927
29213
29546
30725
28943
30369
29944
31998
31928
30050
27802
32082
33769
35651
36576
35829
38293
29893
32891
28498
31135
35556
33508
35081
32813
36528
35610
31271
31778
33057
36202
30812
33321
33055
31656
31008
26897
31603
33339
32675
29923
28250
29091
32207
25850
27863
29522
31415
34130
33513
32390
26075
28209
33584
30740
32112
31497
33286
32016
29174
26248
32819
34637
32061
27233
30107
34011
30881
29707
29216
35517
33380
32017
31092
30191
35519
30123
32414
35294
34635
35258
29687
26705
28093
29917
33343
29411
31038
31730
34384
34393
36431
36479
39154
38955
33507
33253
34512
36642
34588
34563
35152
32598
35635
33132
35839
40217
42167
38165
39437
39845
36748
33923
34329
40312
36770
35326
37642
39145
37045
37015
43202
37032
40319
38498
39932
35999
32887
39315
37160
39049
42818
43178
41880
39873
41413
39261
42254
42009
40755
40793
41194
43681
45153
42751
42128
43889
43704
41212
45344
45876
48945
42474
39728
44788
43111
46171
46273
42554
43789
39698
47113
43801
46133
46419
47244
43216
45395
39477
42160
45600
45165
43904
43442
46338
46652
43451
44793
44711
47867
46406
47539
47050
45703
41112
47423
47227
46150
42300
45106
46755
49356
48511
48394
47548
47323
46357
47814
48431
47674
42721
45836
48620
53655
48462
48209
45758
44987
43563
48799
45469
49519
45556
46676
45942
46784
48094
50153
49410
48860
44352
45716
50778
48620
47231
52406
51464
50456
48556
48908
49670
53810
57159
1
58709
55767
48399
52779
53525
51683
51108
53335
51227
52322
49276
47201
47634
49894
46169
48577
45621
47444
44506
42919
44731
44654
47379
49044
53767
49424
49550
52278
50254
52155
50149
52686
52295
54169
50805
53579
51964
52430
53133
51432
53383
51962
48002
50307
49647
47691
49216
47784
48414
42946
36781
44040
43543
49747
43594
45038
46090
45966
44210
42529
41568
42439
44863
43306
46448
45279
43402
41325
42386
44065
40804
42565
44425
34865
254
259
262
270
275
284
291
297
305
312
318
321
326
330
334
339
346
354
357
365
374
383
391
394
399
405
412
418
421
423
423
421
427
430
430
424
430
445
458
464
472
486
496
499
502
513
524
528
531
535
531
523
520
529
533
524
514
518
530
542
540
537
538
549
561
567
563
569
587
608
616
611
608
614
621
622
621
619
625
631
631
625
617
615
620
624
619
607
601
610
628
644
654
653
640
622
617
611
610
607
610
616
618
621
631
649
663
664
649
627
604
593
589
587
593
606
618
618
616
613
612
602
591
576
538
487
456
476
518
547
552
546
537
534
532
532
525
517
510
506
502
497
489
481
476
467
459
454
455
456
453
449
446
446
449
452
453
449
440
435
436
439
435
427
421
417
416
411
409
406
404
405
406
403
390
373
363
358
350
345
3
55714
55054
54592
48351
49326
48518
45110
44192
44610
45488
45171
46950
50733
44400
48011
48193
44400
43379
43505
47929
48192
45993
44701
42808
40176
42904
34550
41349
43001
43023
42143
44316
40189
42520
36718
38227
40580
38358
38634
42092
39687
41687
42135
39360
40207
36276
39722
40511
42234
41916
38017
40650
39986
42930
39604
41014
41759
43232
39549
38038
39336
39979
36535
36565
35095
41725
40707
41932
40365
40679
41294
40318
39985
38661
40304
42538
41232
37264
39021
40309
39771
40089
36989
39013
42621
40088
43531
44317
38084
43296
42158
39743
40201
43596
44035
38914
42836
42799
39740
37082
38188
39174
34010
33129
31436
36988
27985
33008
33852
39161
35683
35281
35616
35669
32126
33661
37290
35909
40193
39890
37440
41900
38350
41283
39897
38492
35878
43583
42880
43976
41159
37825
41823
43204
37028
38792
35760
41044
37447
38733
39232
35179
40105
39242
35392
33907
32759
34682
34148
37072
35307
38163
38230
38859
37700
36358
38503
43974
39455
37133
35458
34744
36921
34411
36314
37855
34736
33610
36029
37720
34958
34905
33798
36802
37195
35856
35865
35230
34655
35054
35540
31118
29761
36950
36280
37192
36764
39304
34092
37981
35017
34076
32466
31436
36056
36346
38248
39031
36646
36889
35439
35578
35035
37085
36357
35749
36295
35415
34200
32408
36137
37358
35621
35037
32158
31275
33046
33293
31865
31333
34910
33807
32661
35605
36015
35207
34969
34967
35116
37947
38835
34963
35754
40595
36689
37886
36448
33983
35144
41623
40776
41358
36334
38663
36938
34454
35695
31187
30161
32264
30883
32581
34068
36564
33127
30386
33168
32975
34030
37179
36431
36266
32509
33471
33091
31769
31009
29252
33611
34658
28319
30921
28857
30599
31308
33662
32707
29870
27842
33537
30621
31895
33586
32055
29902
34989
34225
30786
30012
31719
32655
32360
31823
30465
33303
30190
32924
34479
31772
34235
37311
36958
40845
42377
38895
35478
33999
35175
34709
34883
36866
37777
36445
38550
38414
37577
35309
37766
36780
35934
33605
36539
33002
34448
34451
36067
35571
36943
32552
32808
33955
33531
36600
34826
32898
35210
37141
36925
37706
40072
38841
37828
34873
34212
38710
37533
33652
35024
32978
34974
31757
31982
35612
36969
35527
33370
33294
35335
35254
33866
35137
36862
34262
35303
36823
36272
36076
36447
29519
31047
32266
34081
33793
36399
35147
36241
34381
37034
34485
34902
35843
34992
34772
34525
35307
35002
32991
35439
34075
34715
32877
36716
33588
32342
34126
35376
34256
34630
37108
36843
39461
40638
35724
34998
32781
32419
36117
31565
31944
33795
33036
34043
35729
31398
31670
28251
31226
34206
35972
37298
35741
34383
34819
33693
34902
32692
35701
36260
34725
35075
36455
37084
37672
39361
36795
36760
35701
34864
33618
30908
31295
32078
31198
25996
31175
29012
28586
32690
33646
32446
32734
31198
31364
32902
33374
33234
32726
31724
32260
35870
31893
30737
32486
30016
29876
34530
30510
29493
29432
31568
29531
33297
34455
36588
34306
35175
31973
34379
31279
35117
32727
33656
39806
36598
35781
38415
36861
34410
34794
32962
36308
35205
35814
33853
31433
38081
35732
36047
32688
33744
32844
34610
32679
31842
31306
33271
30228
33152
35764
34730
37597
37683
32206
34728
35024
38233
34777
34123
33986
35386
32607
37530
37733
31909
34495
35491
38047
34550
31053
35217
37811
32405
37423
38559
33789
32620
32854
32959
34576
33116
40440
34462
39326
36830
35986
33119
35949
37411
34021
32934
35754
37310
32011
37443
35305
33590
35729
32326
31665
32045
35291
35649
37180
35080
34888
35024
35540
30522
30958
34889
37217
33172
34826
35006
34514
37028
34212
32689
36562
35714
32993
36514
32736
37946
36111
33354
33895
35317
34946
34919
33168
35951
31734
33623
33025
37853
34964
33876
34075
32445
30711
30837
31322
37294
34052
35087
32858
31010
36996
35323
35065
35473
33595
32449
31346
31972
34002
31922
34449
35969
34903
34177
36010
36491
36752
32465
35226
34126
31131
29355
33726
34426
32089
32238
31655
35450
36405
36947
34377
35590
33809
34015
38022
35380
39344
34839
36149
35933
27385
31891
36273
30468
37242
36207
34513
38289
36191
34691
33144
33676
32538
31397
33397
29707
34387
31060
30297
28941
29785
29158
30913
33553
30929
32150
28238
29670
29748
31463
32180
34038
32413
33475
31404
31613
31928
34289
32037
34674
33910
31774
32964
27901
30531
33589
33340
36500
36733
35854
35534
35091
36172
35178
33344
31866
33066
32460
34062
31228
33055
34228
32692
28896
30704
34121
33289
35016
34116
35068
37090
35649
35054
34450
31452
32860
35268
32787
30786
29868
26506
29400
28478
30264
31040
32080
31669
31868
32635
33464
31782
33919
29720
29929
34045
31575
31630
28880
32660
29733
32060
32580
28998
32179
32345
32704
30950
29846
31770
32495
31431
31309
30678
27515
26321
23998
25703
30450
30811
28386
25021
29016
29998
28647
25372
27775
29363
27340
29883
29493
30399
29398
30370
27505
27329
30132
31015
31604
29465
32445
34886
34246
31398
33547
30866
31235
30489
32160
30617
32351
33400
33066
35734
33601
34047
31422
31047
34348
33187
29054
29613
28971
32602
35550
33859
31844
33981
31239
33281
33400
30900
32722
31127
31510
32781
32120
29812
29825
37215
36053
31476
30304
32234
30700
31958
33899
34224
35097
33680
30370
29116
33069
34559
34515
33134
30708
34073
30792
31800
26587
28601
33124
31438
30320
27599
31520
33300
34310
33630
32765
28551
27826
30857
31010
32392
34193
31694
32159
29475
33194
34453
33312
31419
30862
32982
31044
33451
33324
28480
33107
31318
35040
34363
35199
34070
33093
31794
31928
34880
32711
36123
32327
33560
34165
33307
33353
34785
31945
31455
34235
32608
35062
37832
34836
36300
39419
32313
31902
30420
36206
33801
38082
36944
35051
34139
35993
32152
34820
33850
33273
30627
32902
32318
35074
33935
34120
35958
36697
33879
33306
35479
36986
33046
36458
36904
32473
30416
37550
38597
34444
35656
34654
32471
35890
33700
35764
36444
34701
34359
34638
32996
36929
35310
37953
36620
37285
35552
39001
34730
37488
33456
35140
37001
33631
35872
39641
37098
39330
36654
37077
40034
36488
35863
36287
35835
32390
35746
33907
33668
32610
33437
34746
31424
39563
31013
34064
30662
30317
33073
30215
27567
29274
32399
35945
30111
30518
33057
32778
32933
34251
35660
35231
27026
28822
26276
34409
34943
34648
36856
33767
35946
36582
34217
37535
36977
36721
35969
34323
34501
27954
31992
30853
28298
27259
35202
276
278
281
290
299
308
320
329
341
344
351
354
359
360
366
370
374
378
387
396
403
413
423
426
426
429
435
440
444
444
440
441
446
443
433
428
439
450
454
460
476
489
492
491
497
503
506
512
519
522
515
511
513
514
505
496
495
509
517
520
511
507
511
519
519
516
522
537
553
557
554
552
554
561
566
563
558
557
561
561
554
547
543
543
542
536
525
515
521
539
556
563
553
539
525
521
523
524
519
511
509
513
519
527
538
548
554
550
539
517
502
494
494
497
504
515
521
521
520
519
515
506
498
490
466
433
415
430
457
470
469
464
462
460
460
458
455
442
435
427
425
422
420
419
415
407
402
396
398
391
388
385
388
391
394
396
396
394
388
386
383
383
379
375
371
369
368
366
365
365
365
369
368
365
351
339
330
328
325
325
32887
33104
32057
30919
35221
29049
27661
32307
32916
33508
34081
36603
35769
29766
30867
32402
32114
28054
30927
30528
33655
26437
31568
29894
28256
28403
29083
33660
33237
32139
30072
36608
36466
36736
33363
37993
39712
34135
37420
42147
40897
32738
25685
37323
39466
34350
35157
32365
34655
32022
33690
34888
38118
31412
33357
37747
34939
30371
28808
27592
32115
34543
41289
34170
32670
28432
34818
30383
37419
33378
35919
37891
38488
33491
33151
34084
33923
37800
38206
33816
33068
33123
35743
33738
35701
32853
35876
39966
45279
33807
33889
37223
39775
36203
37676
38993
39642
37937
42670
45379
30629
33784
37635
43057
48664
36849
46706
36486
34844
33329
65535
44799
46977
45827
40751
36656
38271
38074
38681
41041
38103
34456
36971
34818
38249
35502
32326
30673
37733
41110
34760
34497
36655
32002
32819
32124
30233
33130
36687
32496
34509
29532
31625
33728
36654
29444
31128
35314
33675
36187
25891
33650
32570
30625
31195
36275
28243
35292
31713
31482
32604
33248
31939
37850
31685
31484
35396
36077
35652
29968
35539
38304
39230
35755
40571
42281
48616
32912
38540
37539
49971
35579
34343
34229
40728
38288
44208
38499
35179
33465
30518
37659
29463
34380
40381
37144
34706
32391
34954
38094
30593
32572
30719
38111
35436
29978
35831
35815
35899
32618
30032
32893
34973
35272
27708
31677
35073
29205
31166
34711
34801
33925
28042
39851
42275
40620
37598
34072
29755
28332
29261
33706
35213
30190
33931
33550
35442
28712
32491
35952
37284
31031
26575
27289
28182
26525
29096
28740
26597
30404
29492
34141
30416
32032
32785
35807
31948
35421
28233
34729
35135
28791
31266
27908
30279
28079
31031
30903
31517
33291
26601
31711
32180
28467
29787
33875
32682
34063
38334
33604
31464
29544
34309
34526
37698
30841
26941
35281
34667
33946
33818
31397
33074
33701
30998
33119
33977
34856
39983
34888
31699
33692
32104
32095
32421
32036
30769
29839
33172
35164
30089
34393
33114
31419
29271
26698
28890
26701
31690
33498
33068
30466
31049
35213
32021
33039
35677
30228
32302
29166
29840
33050
28589
30541
36733
36152
29476
32255
32157
38963
36318
36035
33429
32669
26845
29763
33236
32588
32934
33972
26856
26725
27837
32598
27524
28400
29286
33777
32507
34352
32489
33232
31651
31448
34977
30962
26747
33933
37364
34968
30512
32931
35399
33258
30906
30063
28559
30772
31592
26135
27681
30322
30732
28354
29468
26261
28113
28467
30133
31512
32260
31866
32697
33322
31282
30234
33438
31646
31502
33234
28854
29178
27072
26327
24182
29529
27468
28499
26367
27939
26942
27740
31845
33996
30276
27646
24707
26271
27940
27621
30237
31269
30161
28613
29576
31112
27626
33297
34406
31103
29274
29542
33947
31649
34449
33377
30493
33891
33571
32867
32259
30282
32883
33916
32639
28623
30620
33221
32956
28681
29218
33278
31527
32411
32329
37326
34588
35148
30729
32663
30391
32672
32390
30429
30169
27903
28442
28129
27333
31317
32892
35380
31416
28545
27842
30053
25399
27508
26810
31286
26910
30302
35574
33911
30276
31827
32670
34336
35031
34978
31936
33809
33245
35569
35250
29780
32387
35749
32611
36669
30105
29708
32159
28891
32563
33512
29198
29716
29951
31301
28706
29026
30151
35918
32388
36664
32731
33356
32761
27559
33066
31432
32744
32821
34819
32102
34010
35244
33436
38261
38179
31653
32099
36656
32027
35477
34170
32902
34980
33462
32634
36608
33752
32269
33585
33115
34018
34041
32907
30575
35307
34243
34590
33458
31218
34167
34688
32794
37942
30870
31336
32109
32613
34984
31502
32556
35654
32697
31356
32429
29641
34291
34744
33266
31119
32756
35427
36281
35296
30093
33019
30849
30520
34399
28909
30547
34480
29476
30208
35355
33741
33476
31437
30246
31702
34277
29495
25830
31466
33717
26304
28634
29358
33436
31646
29117
29491
34723
32412
33960
30637
30006
30914
29152
32250
36443
35099
31120
30488
34448
35514
32097
32961
31846
28844
28552
32706
31699
30821
30809
30832
34345
33395
29283
32459
33267
30485
29376
30013
29283
33706
30673
26930
30379
32438
30527
28166
31466
29952
29548
25824
26423
28714
25789
28518
27991
26674
27725
26694
28900
27282
27206
30112
30508
31190
30029
30317
30740
26576
23370
32121
32406
25962
31281
29757
25796
29922
30462
27664
31422
33689
31879
29471
30110
30213
32027
33503
34577
32471
31530
34234
33268
29805
29010
29590
33553
32232
29838
30520
31487
31564
34732
30285
32439
30883
29501
31263
35606
32329
32626
35435
34763
34331
34793
28910
28883
34485
38040
36269
39202
38647
37314
40961
36599
37262
37036
33561
36174
37963
39115
39349
39635
38344
36299
38510
39337
31825
36917
40493
37716
35662
37420
40402
34443
34450
36054
36277
38942
30297
34787
35604
38806
37437
39752
35187
31077
32914
36874
32244
35628
35573
35753
32316
38032
35915
33782
35865
39222
37709
33677
41079
43079
34672
35457
40384
39993
39113
36686
37623
36942
34614
40544
32614
36702
41761
41262
34028
39942
36400
35032
37524
36947
33239
36248
38278
35680
38018
39100
41263
40410
39078
39156
36095
37959
40800
34214
38286
37342
36750
36595
38759
35455
39840
39111
34170
39593
39177
36769
41615
41620
38542
40160
39894
40070
40613
40496
33195
37657
40963
44652
43221
44959
39046
38189
37740
41729
39395
36871
39258
38054
40837
41367
37515
42099
46660
38731
40554
40934
37168
43221
40137
42467
42238
42626
39365
44811
43815
42831
41864
39866
40560
41418
38893
41180
43645
39636
41248
43674
40887
39183
38994
42859
40335
37465
39292
42700
40827
35340
38112
38233
37757
37745
38596
38673
39511
37929
38592
38215
35461
38230
42024
38629
35633
36449
34698
32109
37060
33355
35330
36833
34757
35315
34664
35925
37277
35162
31838
35028
35094
30789
38652
34072
33629
38686
34214
35679
38921
41029
37617
32683
36354
38451
35923
37772
39236
36088
35794
34741
38948
35060
31212
36167
39597
36164
32412
36499
41063
36362
33152
40403
38733
32828
37545
38346
39131
33830
29585
36067
33953
32936
29656
35576
41888
38835
32938
33105
34097
34411
31544
38804
38084
37060
37856
33651
35707
34246
29817
31546
34731
34035
31761
34897
38480
36979
35155
35001
32307
37482
31415
29838
38566
32175
31048
30787
32748
35603
32281
30110
32820
31750
28278
29851
33421
36098
36933
37973
38099
35301
31346
34376
39739
33063
31759
34427
31046
32010
31744
37125
30214
31272
36789
35563
40558
35209
30715
37427
33943
29233
33513
36918
33594
31212
32445
34024
244
244
243
244
245
247
248
250
253
254
255
257
256
254
254
259
260
261
263
265
267
268
269
269
270
270
271
271
272
272
272
270
275
280
285
288
290
293
296
304
313
320
323
325
332
338
340
340
340
339
339
336
338
335
332
330
327
327
324
323
321
321
320
317
313
313
319
323
327
325
321
318
319
320
322
321
320
316
314
310
310
306
307
306
307
301
294
292
293
298
300
298
293
290
288
290
293
296
295
296
300
312
325
344
357
371
384
395
403
407
417
430
445
457
472
488
502
513
516
518
516
515
516
515
488
450
423
437
465
480
482
477
479
479
481
476
468
455
445
434
431
429
434
432
426
414
406
400
399
397
396
394
392
393
394
399
398
398
392
389
383
384
381
378
370
368
369
372
372
374
374
371
367
355
342
327
324
322
317
313
33248
32034
34155
35717
39203
34470
34760
35753
33436
28805
31998
30205
35649
30670
32188
34615
29526
28148
31894
32524
31385
34495
33506
31812
32526
31858
34433
35053
31986
37393
35492
34100
34589
34508
31388
27722
27989
29313
31783
35389
32113
28970
34294
22821
26875
26980
26309
30451
31086
29759
34215
31378
37950
31733
33554
30906
30698
26515
29109
30988
26590
27681
31339
31852
31551
32061
27994
28496
31484
33187
33106
29603
35534
38012
33426
35832
33521
32609
35559
37280
37111
32372
33515
33735
33660
35267
33190
32840
32734
37633
33967
33899
34269
37911
39315
39557
38124
36475
35907
37806
40376
39978
39113
35331
32895
34402
32431
33082
31752
34320
32988
27416
30130
25994
28848
35186
37909
35341
30655
25942
30490
31516
28206
32728
34069
31623
35995
37052
37152
31321
29560
32368
28870
35523
34316
31999
32396
39882
37367
41441
39379
40163
42538
33657
39994
40053
39175
31713
35588
33532
30927
30504
37709
37455
36637
31822
31077
32727
32744
34222
37206
31142
32616
32058
34734
31700
31930
33695
38685
36476
35349
32595
34428
34424
35048
34978
33378
33164
37746
33115
32766
36067
28836
25311
29198
28007
32108
39502
36172
34546
32397
36240
33287
36568
31917
36869
39170
33800
35083
34443
36483
37454
33684
34671
36498
36371
38627
33131
37127
35382
32123
35574
34955
39394
36718
41342
41052
41450
39685
35252
40669
39757
49678
43368
39743
41765
43906
37967
40292
41231
42910
40556
44839
49593
50910
46468
51091
59811
65535
55162
52407
50105
47658
44314
44624
44470
45035
43626
43792
40495
40236
41082
42041
40672
35160
36505
34421
31300
34959
34866
31084
36718
37244
37195
39897
37673
38112
38647
39314
34096
35425
32972
32852
32093
33227
29542
29320
30012
36285
36711
35817
34497
31203
28134
31192
30334
36378
32564
35673
32013
34263
36675
30338
31151
32452
33782
36818
32597
29603
30775
34329
32789
36249
33795
41002
40398
36861
31219
32519
34085
33893
35204
36166
31574
34660
35829
34836
38247
38512
37602
35216
37769
39370
36295
39195
36993
37743
39531
40769
37619
37905
37772
37793
39169
36312
38714
41514
38679
43538
33330
34691
37118
38855
36470
35241
32881
29538
32303
33661
26849
33796
31174
34198
34114
36831
27995
32596
33902
33652
35106
36946
40436
37992
35521
37736
40784
37508
37984
35618
38757
37986
34658
35073
36735
38661
34894
37117
39503
38639
41484
39824
41131
38789
40032
44210
41955
41533
44767
44094
45976
41059
40383
42371
42435
44250
42218
43896
37908
39513
37687
38259
33997
28067
31802
34541
33414
33091
32372
32634
33055
36382
31900
33671
35320
36704
37864
36799
33225
33805
35282
34262
38754
37496
40122
40039
35144
33151
35726
37288
39224
36344
36825
39696
36469
33941
37121
40143
39616
37614
35216
43232
43553
40178
41450
39568
42044
36618
36692
35426
33687
37621
39393
36769
38355
34938
36800
38942
43620
38940
41478
40649
39782
41239
35845
43919
39229
37645
42063
41286
35787
37231
39952
40217
39959
40454
39611
40776
43981
37494
40400
37830
36916
40922
42663
42559
37338
46041
43264
46443
45633
43773
44846
43839
41665
41279
39432
36368
34002
35893
42846
43491
40446
34294
36359
40480
39533
43128
41109
39774
38350
35434
36412
38672
37488
37546
38146
37793
42133
37564
37762
36206
37342
38536
41462
34780
35681
39838
37911
38087
37937
37300
34967
36896
37271
34164
37716
29981
39051
38619
35672
39392
38858
33573
35856
43764
33347
31670
38796
35630
34607
35449
36239
35717
36121
33705
38261
36747
31656
34574
39170
39454
38016
39247
37255
39959
36790
35030
36512
38849
37956
37766
40613
38131
35847
35975
36174
37704
38045
35173
34902
34342
36471
36731
38817
38050
37255
36163
36587
39909
37269
35888
37604
37499
33971
31762
35240
32325
39075
33774
37863
42053
34708
38955
35243
34881
33796
37366
37077
44430
39559
33937
34147
31225
37144
36437
38388
41132
39452
36759
35561
41320
37765
36596
35389
33413
34672
36514
36740
37659
33452
30938
30310
31934
32894
35403
35246
29751
33441
33127
37312
37453
34308
31981
36127
38033
37072
38587
36697
34749
37721
42247
42344
36364
36542
35333
35400
35485
31618
31781
34111
37879
34894
32436
33262
34941
29931
36493
31648
38337
38319
33534
28507
31415
31536
33118
34347
38515
36490
33203
33860
31929
27462
33510
32267
27986
30607
34904
29922
23357
30708
35355
34476
32068
33596
32286
33255
32858
34347
32972
31160
30854
31950
33981
36130
35408
31515
33355
32286
36258
34163
35683
32705
35484
38821
35304
39073
36808
39308
39439
35292
38813
38460
36884
36622
37550
35058
37765
38957
36428
34359
38803
37033
35036
32870
33589
33268
33973
31569
33649
32547
29088
30130
36544
33498
32748
33654
33467
33391
36554
33910
36632
35798
34037
29093
31128
32698
33854
29855
35280
32705
33147
37172
36706
33204
33780
28803
29082
37297
34463
33917
31432
27894
35896
34697
29569
31871
33818
32332
31787
31077
35499
33867
34639
34746
38797
32472
34569
34599
33106
37099
32567
32841
36713
40239
34965
34874
32844
34245
35239
37035
39161
32293
39258
33866
35153
40906
38809
36617
37681
34306
36433
34525
32664
36269
38798
31865
34025
36427
40278
36237
34490
36799
35708
27211
32113
31067
31204
32557
36703
32586
30341
30544
35653
35985
34123
32494
31458
32055
37326
31014
31524
33460
30767
30149
31321
34382
35795
33736
35762
31965
31119
29373
34243
29860
35077
33180
35261
33449
31783
31759
34202
34245
36889
31731
32047
31766
29882
26872
31515
33745
36525
34081
32458
33075
39490
34638
32612
32159
34033
33347
32022
33407
36553
34539
34137
31939
37195
34033
35946
32906
33109
32577
32813
34161
35921
36886
39039
35953
33069
37829
38139
36742
35763
36215
34653
33881
36371
34613
34840
35920
37360
33593
37767
36574
34753
35515
31618
34106
37228
34869
32382
36282
36452
35293
32995
33614
39701
39391
38628
38398
38259
34173
35853
33165
38213
38397
35093
35846
40160
38062
36383
36719
34482
35188
32553
34852
37315
34874
33291
33524
34650
32394
37617
37622
35338
32183
31661
30514
32930
31297
33153
35139
35853
31247
31921
33526
37690
35649
37865
39080
42220
34136
32795
34668
34188
31760
30119
31707
36577
33925
33609
30822
32574
32784
33408
29552
28410
27303
30686
29901
32178
33348
31436
28441
32549
30841
31713
34700
36746
35966
34986
33708
38476
38793
34249
34338
38870
34258
35575
39965
39805
33602
33317
37320
34129
33096
31570
33654
37078
31935
34180
38609
37300
35991
